#
#
#  Percent Identity  Matrix - created by Clustal2.1 
#
#

     1: AAW81711    100.00   88.79   88.79   88.96   88.90   90.68   90.59   90.80   90.76   90.68   85.25   85.29   85.33   85.29   85.33   85.58   85.41   85.41   85.50   90.21   90.27   90.30   90.45   90.36   90.36   90.45   90.42   90.45   90.45   90.42   90.39   90.45   90.42   90.42   90.45   90.47   90.50   90.47   90.45   90.45   90.45   90.45   90.50   90.45   90.45   90.47   90.42   90.42   90.45   90.47   89.86   89.92   89.83   89.86   89.95   90.10   90.04   89.95   89.98   89.92   89.95   89.95   89.92   89.95   89.92   89.95   89.98   89.98   89.95
     2: ADM88864     88.79  100.00   99.42   99.65   99.62   92.22   92.05   92.25   92.36   92.25   88.95   89.07   89.03   88.99   89.03   90.13   89.97   89.97   90.05   93.24   93.36   93.39   93.36   93.24   93.39   93.45   93.45   93.48   93.45   93.42   93.50   93.48   93.56   93.45   93.48   93.50   93.53   93.50   93.45   93.48   93.48   93.48   93.48   93.48   93.48   93.50   93.48   93.48   93.59   93.56   92.66   92.75   92.69   92.72   92.81   92.92   92.86   92.86   92.75   92.69   92.81   92.95   92.89   92.86   92.86   92.89   92.92   92.92   92.89
     3: ABC40712     88.79   99.42  100.00   99.71   99.48   92.08   91.90   92.11   92.21   92.08   88.99   89.11   89.07   89.03   89.07   90.30   90.13   90.13   90.22   93.21   93.36   93.39   93.33   93.24   93.36   93.42   93.42   93.45   93.42   93.39   93.48   93.45   93.53   93.42   93.45   93.48   93.50   93.48   93.42   93.45   93.45   93.45   93.45   93.45   93.45   93.48   93.42   93.45   93.56   93.53   92.63   92.72   92.66   92.69   92.78   92.89   92.86   92.86   92.75   92.69   92.81   92.92   92.83   92.86   92.86   92.89   92.92   92.89   92.89
     4: AMZ00438     88.96   99.65   99.71  100.00   99.77   92.25   92.08   92.28   92.39   92.25   88.99   89.11   89.07   89.03   89.07   90.30   90.13   90.13   90.22   93.33   93.48   93.50   93.45   93.36   93.48   93.53   93.53   93.56   93.53   93.50   93.59   93.56   93.65   93.53   93.56   93.59   93.62   93.59   93.53   93.56   93.56   93.56   93.56   93.56   93.56   93.59   93.53   93.56   93.68   93.65   92.75   92.83   92.78   92.81   92.89   93.01   92.98   92.98   92.86   92.81   92.92   93.04   92.95   92.98   92.98   93.01   93.04   93.01   93.01
     5: AFO64354     88.90   99.62   99.48   99.77  100.00   92.11   91.93   92.14   92.24   92.14   88.87   88.99   88.95   88.91   88.95   90.13   89.97   89.97   90.05   93.18   93.33   93.36   93.33   93.21   93.36   93.42   93.42   93.45   93.42   93.39   93.48   93.45   93.53   93.42   93.45   93.48   93.50   93.48   93.42   93.45   93.45   93.45   93.45   93.45   93.45   93.48   93.45   93.45   93.56   93.53   92.63   92.72   92.66   92.69   92.78   92.89   92.83   92.83   92.72   92.66   92.78   92.92   92.86   92.83   92.83   92.86   92.89   92.89   92.86
     6: AMZ00435     90.68   92.22   92.08   92.25   92.11  100.00   98.69   98.89   98.86   98.84   89.38   89.42   89.38   89.42   89.46   91.40   91.23   91.23   91.32   94.00   94.03   94.06   94.00   93.88   93.94   94.00   94.00   94.03   94.00   93.97   94.03   94.03   94.06   94.00   94.03   94.00   94.09   94.03   94.00   94.03   94.03   94.03   94.03   94.03   94.03   94.06   93.94   93.97   94.03   94.03   93.36   93.45   93.45   93.30   93.39   93.77   93.71   93.56   93.59   93.53   93.45   93.48   93.42   93.45   93.42   93.45   93.48   93.48   93.45
     7: ABR19636     90.59   92.05   91.90   92.08   91.93   98.69  100.00   99.13   99.30   99.27   89.54   89.58   89.62   89.58   89.62   91.65   91.48   91.48   91.57   93.88   93.88   93.91   93.91   93.80   93.80   93.85   93.85   93.88   93.85   93.82   93.88   93.88   93.91   93.85   93.88   93.91   93.94   93.88   93.85   93.88   93.88   93.88   93.88   93.88   93.88   93.91   93.88   93.91   93.94   93.94   93.30   93.39   93.36   93.21   93.30   93.71   93.65   93.50   93.53   93.48   93.39   93.42   93.42   93.45   93.42   93.45   93.48   93.48   93.45
     8: ABR19638     90.80   92.25   92.11   92.28   92.14   98.89   99.13  100.00   99.30   99.33   89.34   89.38   89.42   89.38   89.42   91.40   91.23   91.23   91.32   93.94   93.94   93.97   94.03   93.91   93.91   93.97   93.97   94.00   93.97   93.94   94.00   94.00   94.03   93.97   94.00   94.03   94.06   94.00   93.97   94.00   94.00   94.00   94.00   94.00   94.00   94.03   94.00   94.03   94.06   94.06   93.48   93.56   93.53   93.39   93.48   93.85   93.80   93.65   93.68   93.62   93.53   93.56   93.50   93.53   93.50   93.53   93.56   93.56   93.53
     9: AFO64353     90.76   92.36   92.21   92.39   92.24   98.86   99.30   99.30  100.00   99.45   89.37   89.41   89.44   89.41   89.44   91.20   91.03   91.03   91.12   94.05   94.05   94.08   94.08   93.99   93.96   94.02   94.02   94.05   94.02   93.99   94.05   94.05   94.08   94.02   94.05   94.08   94.11   94.05   94.02   94.05   94.05   94.05   94.05   94.05   94.05   94.08   94.11   94.08   94.11   94.11   93.47   93.55   93.53   93.38   93.47   93.88   93.85   93.70   93.73   93.70   93.58   93.58   93.55   93.58   93.55   93.58   93.61   93.58   93.58
    10: ABR19639     90.68   92.25   92.08   92.25   92.14   98.84   99.27   99.33   99.45  100.00   89.34   89.38   89.42   89.38   89.42   91.40   91.23   91.23   91.32   94.06   94.06   94.09   94.09   93.97   93.97   94.03   94.03   94.06   94.03   94.00   94.06   94.06   94.09   94.03   94.06   94.09   94.12   94.06   94.03   94.06   94.06   94.06   94.06   94.06   94.06   94.09   94.06   94.09   94.12   94.12   93.48   93.56   93.53   93.39   93.48   93.88   93.82   93.68   93.71   93.65   93.56   93.59   93.53   93.56   93.53   93.56   93.59   93.59   93.56
    11: ANW68991     85.25   88.95   88.99   88.99   88.87   89.38   89.54   89.34   89.37   89.34  100.00   99.84   99.84   99.88   99.92   97.55   97.39   97.55   97.47   94.61   94.73   94.77   94.97   94.93   95.32   95.40   95.40   95.44   95.28   95.40   95.32   95.52   95.40   95.36   95.40   95.36   95.44   95.40   95.36   95.40   95.40   95.40   95.48   95.40   95.40   95.44   95.08   95.08   95.08   95.05   92.80   92.84   92.92   92.69   92.76   93.31   93.24   93.16   93.16   93.08   93.08   93.08   93.00   93.04   93.00   93.00   93.04   93.04   93.00
    12: ANW69729     85.29   89.07   89.11   89.11   88.99   89.42   89.58   89.38   89.41   89.38   99.84  100.00   99.84   99.88   99.92   97.64   97.47   97.47   97.55   94.65   94.77   94.81   94.97   94.93   95.32   95.40   95.40   95.44   95.32   95.44   95.36   95.40   95.52   95.40   95.44   95.40   95.48   95.44   95.40   95.44   95.44   95.44   95.52   95.44   95.44   95.48   95.12   95.12   95.12   95.08   92.84   92.88   92.96   92.73   92.80   93.35   93.28   93.20   93.20   93.12   93.12   93.12   93.04   93.08   93.04   93.04   93.08   93.08   93.04
    13: ANW69483     85.33   89.03   89.07   89.07   88.95   89.38   89.62   89.42   89.44   89.42   99.84   99.84  100.00   99.88   99.92   97.55   97.55   97.39   97.47   94.61   94.73   94.77   94.93   94.89   95.28   95.36   95.36   95.40   95.28   95.40   95.32   95.36   95.40   95.36   95.48   95.52   95.44   95.40   95.36   95.40   95.40   95.40   95.48   95.40   95.40   95.44   95.08   95.08   95.08   95.05   92.88   92.92   93.00   92.76   92.84   93.39   93.31   93.24   93.24   93.16   93.16   93.16   93.08   93.12   93.08   93.08   93.12   93.12   93.08
    14: ANW69117     85.29   88.99   89.03   89.03   88.91   89.42   89.58   89.38   89.41   89.38   99.88   99.88   99.88  100.00   99.96   97.64   97.47   97.47   97.55   94.65   94.77   94.81   94.97   94.93   95.32   95.40   95.40   95.44   95.32   95.44   95.36   95.40   95.44   95.40   95.44   95.40   95.48   95.44   95.40   95.44   95.44   95.44   95.52   95.44   95.52   95.48   95.12   95.12   95.12   95.08   92.84   92.88   92.96   92.73   92.80   93.35   93.28   93.20   93.20   93.12   93.12   93.12   93.04   93.08   93.04   93.04   93.08   93.08   93.04
    15: ANW69090     85.33   89.03   89.07   89.07   88.95   89.46   89.62   89.42   89.44   89.42   99.92   99.92   99.92   99.96  100.00   97.64   97.47   97.47   97.55   94.69   94.81   94.85   95.01   94.97   95.36   95.44   95.44   95.48   95.36   95.48   95.40   95.44   95.48   95.44   95.48   95.44   95.52   95.48   95.44   95.48   95.48   95.48   95.56   95.48   95.48   95.52   95.16   95.16   95.16   95.12   92.88   92.92   93.00   92.76   92.84   93.39   93.31   93.24   93.24   93.16   93.16   93.16   93.08   93.12   93.08   93.08   93.12   93.12   93.08
    16: ANW69116     85.58   90.13   90.30   90.30   90.13   91.40   91.65   91.40   91.20   91.40   97.55   97.64   97.55   97.64   97.64  100.00   99.83   99.83   99.92   96.63   97.05   97.05   97.22   97.13   97.47   97.55   97.55   97.64   97.30   97.55   97.47   97.55   97.64   97.64   97.55   97.55   97.64   97.55   97.55   97.55   97.64   97.64   97.64   97.55   97.64   97.64   97.13   97.13   97.22   97.05   94.35   94.44   94.27   94.10   94.18   95.11   94.94   94.86   94.77   94.60   94.60   94.60   94.69   94.69   94.60   94.69   94.69   94.77   94.69
    17: ANW69482     85.41   89.97   90.13   90.13   89.97   91.23   91.48   91.23   91.03   91.23   97.39   97.47   97.55   97.47   97.47   99.83  100.00   99.83   99.92   96.46   96.88   96.88   97.05   96.96   97.30   97.39   97.39   97.47   97.13   97.39   97.30   97.39   97.47   97.47   97.55   97.55   97.47   97.39   97.39   97.39   97.47   97.47   97.47   97.39   97.47   97.47   96.96   96.96   97.05   96.88   94.18   94.27   94.10   93.93   94.01   94.94   94.77   94.69   94.60   94.44   94.44   94.44   94.52   94.52   94.44   94.52   94.52   94.60   94.52
    18: ANW68990     85.41   89.97   90.13   90.13   89.97   91.23   91.48   91.23   91.03   91.23   97.55   97.47   97.39   97.47   97.47   99.83   99.83  100.00   99.92   96.46   96.88   96.88   97.05   96.96   97.30   97.39   97.39   97.47   97.13   97.39   97.30   97.55   97.47   97.47   97.39   97.39   97.47   97.39   97.39   97.39   97.47   97.47   97.47   97.39   97.47   97.47   96.96   96.96   97.05   96.88   94.18   94.27   94.10   93.93   94.01   94.94   94.77   94.69   94.60   94.44   94.44   94.44   94.52   94.52   94.44   94.52   94.52   94.60   94.52
    19: ANW69089     85.50   90.05   90.22   90.22   90.05   91.32   91.57   91.32   91.12   91.32   97.47   97.55   97.47   97.55   97.55   99.92   99.92   99.92  100.00   96.54   96.96   96.96   97.13   97.05   97.39   97.47   97.47   97.55   97.22   97.47   97.39   97.47   97.55   97.55   97.47   97.47   97.55   97.47   97.47   97.47   97.55   97.55   97.55   97.47   97.55   97.55   97.05   97.05   97.13   96.96   94.27   94.35   94.18   94.01   94.10   95.03   94.86   94.77   94.69   94.52   94.52   94.52   94.60   94.60   94.52   94.60   94.60   94.69   94.60
    20: ADN97107     90.21   93.24   93.21   93.33   93.18   94.00   93.88   93.94   94.05   94.06   94.61   94.65   94.61   94.65   94.69   96.63   96.46   96.46   96.54  100.00   99.36   99.39   99.10   99.04   99.13   99.18   99.18   99.21   99.13   99.16   99.16   99.16   99.18   99.18   99.21   99.18   99.21   99.21   99.18   99.21   99.21   99.21   99.21   99.21   99.21   99.24   99.07   99.10   99.24   99.24   97.23   97.32   97.41   97.20   97.29   97.82   97.79   97.64   97.67   97.61   97.61   97.58   97.49   97.58   97.52   97.55   97.58   97.55   97.55
    21: AFO64351     90.27   93.36   93.36   93.48   93.33   94.03   93.88   93.94   94.05   94.06   94.73   94.77   94.73   94.77   94.81   97.05   96.88   96.88   96.96   99.36  100.00   99.94   99.21   99.16   99.24   99.30   99.30   99.33   99.24   99.27   99.27   99.27   99.30   99.30   99.33   99.30   99.33   99.33   99.30   99.33   99.33   99.33   99.33   99.33   99.33   99.36   99.18   99.21   99.39   99.42   97.29   97.38   97.47   97.26   97.35   97.87   97.84   97.70   97.79   97.73   97.67   97.64   97.55   97.64   97.58   97.61   97.64   97.61   97.61
    22: AFO64352     90.30   93.39   93.39   93.50   93.36   94.06   93.91   93.97   94.08   94.09   94.77   94.81   94.77   94.81   94.85   97.05   96.88   96.88   96.96   99.39   99.94  100.00   99.24   99.18   99.27   99.33   99.33   99.36   99.27   99.30   99.30   99.30   99.33   99.33   99.36   99.33   99.36   99.36   99.33   99.36   99.36   99.36   99.36   99.36   99.36   99.39   99.21   99.24   99.42   99.45   97.32   97.41   97.49   97.29   97.38   97.90   97.87   97.73   97.82   97.76   97.70   97.67   97.58   97.67   97.61   97.64   97.67   97.64   97.64
    23: AAP22086     90.45   93.36   93.33   93.45   93.33   94.00   93.91   94.03   94.08   94.09   94.97   94.97   94.93   94.97   95.01   97.22   97.05   97.05   97.13   99.10   99.21   99.24  100.00   99.88   99.53   99.59   99.59   99.62   99.48   99.50   99.50   99.53   99.53   99.53   99.56   99.53   99.56   99.56   99.53   99.56   99.56   99.62   99.56   99.56   99.56   99.59   99.39   99.42   99.53   99.50   97.35   97.41   97.52   97.32   97.41   97.87   97.82   97.67   97.70   97.64   97.64   97.70   97.55   97.61   97.55   97.58   97.61   97.61   97.58
    24: AFO64356     90.36   93.24   93.24   93.36   93.21   93.88   93.80   93.91   93.99   93.97   94.93   94.93   94.89   94.93   94.97   97.13   96.96   96.96   97.05   99.04   99.16   99.18   99.88  100.00   99.42   99.48   99.48   99.50   99.36   99.39   99.39   99.42   99.42   99.42   99.45   99.42   99.45   99.45   99.42   99.45   99.45   99.50   99.45   99.45   99.45   99.48   99.27   99.30   99.42   99.39   97.23   97.29   97.41   97.20   97.29   97.76   97.73   97.58   97.61   97.55   97.55   97.58   97.44   97.52   97.47   97.49   97.52   97.49   97.49
    25: ABU54838     90.36   93.39   93.36   93.48   93.36   93.94   93.80   93.91   93.96   93.97   95.32   95.32   95.28   95.32   95.36   97.47   97.30   97.30   97.39   99.13   99.24   99.27   99.53   99.42  100.00   99.88   99.94   99.91   99.77   99.80   99.80   99.83   99.83   99.83   99.85   99.83   99.85   99.85   99.83   99.85   99.85   99.85   99.85   99.85   99.85   99.88   99.50   99.53   99.56   99.53   97.38   97.44   97.52   97.32   97.41   97.93   97.87   97.73   97.76   97.70   97.70   97.70   97.61   97.67   97.61   97.64   97.67   97.67   97.64
    26: ADL27941     90.45   93.45   93.42   93.53   93.42   94.00   93.85   93.97   94.02   94.03   95.40   95.40   95.36   95.40   95.44   97.55   97.39   97.39   97.47   99.18   99.30   99.33   99.59   99.48   99.88  100.00   99.94   99.97   99.83   99.85   99.85   99.88   99.88   99.88   99.91   99.88   99.91   99.91   99.88   99.91   99.91   99.91   99.91   99.91   99.91   99.94   99.56   99.59   99.62   99.59   97.44   97.49   97.58   97.38   97.47   97.99   97.93   97.79   97.82   97.76   97.76   97.76   97.67   97.73   97.67   97.70   97.73   97.73   97.70
    27: ABV22897     90.42   93.45   93.42   93.53   93.42   94.00   93.85   93.97   94.02   94.03   95.40   95.40   95.36   95.40   95.44   97.55   97.39   97.39   97.47   99.18   99.30   99.33   99.59   99.48   99.94   99.94  100.00   99.97   99.83   99.85   99.85   99.88   99.88   99.88   99.91   99.88   99.91   99.91   99.88   99.91   99.91   99.91   99.91   99.91   99.91   99.94   99.56   99.59   99.62   99.59   97.44   97.49   97.58   97.38   97.47   97.99   97.93   97.79   97.82   97.76   97.76   97.76   97.67   97.73   97.67   97.70   97.73   97.73   97.70
    28: ADU76251     90.45   93.48   93.45   93.56   93.45   94.03   93.88   94.00   94.05   94.06   95.44   95.44   95.40   95.44   95.48   97.64   97.47   97.47   97.55   99.21   99.33   99.36   99.62   99.50   99.91   99.97   99.97  100.00   99.85   99.88   99.88   99.91   99.91   99.91   99.94   99.91   99.94   99.94   99.91   99.94   99.94   99.94   99.94   99.94   99.94   99.97   99.59   99.62   99.65   99.62   97.47   97.52   97.61   97.41   97.49   98.02   97.96   97.82   97.84   97.79   97.79   97.79   97.70   97.76   97.70   97.73   97.76   97.76   97.73
    29: AAF18443     90.45   93.45   93.42   93.53   93.42   94.00   93.85   93.97   94.02   94.03   95.28   95.32   95.28   95.32   95.36   97.30   97.13   97.13   97.22   99.13   99.24   99.27   99.48   99.36   99.77   99.83   99.83   99.85  100.00   99.80   99.80   99.80   99.83   99.83   99.85   99.83   99.85   99.85   99.83   99.85   99.85   99.85   99.85   99.85   99.85   99.88   99.50   99.53   99.56   99.53   97.41   97.47   97.52   97.32   97.41   97.93   97.87   97.73   97.76   97.70   97.70   97.70   97.61   97.67   97.61   97.64   97.67   97.67   97.64
    30: ADL27940     90.42   93.42   93.39   93.50   93.39   93.97   93.82   93.94   93.99   94.00   95.40   95.44   95.40   95.44   95.48   97.55   97.39   97.39   97.47   99.16   99.27   99.30   99.50   99.39   99.80   99.85   99.85   99.88   99.80  100.00   99.83   99.83   99.85   99.85   99.88   99.85   99.88   99.88   99.85   99.88   99.88   99.88   99.88   99.88   99.88   99.91   99.53   99.56   99.59   99.56   97.41   97.47   97.55   97.35   97.44   97.96   97.90   97.76   97.79   97.73   97.73   97.73   97.64   97.70   97.64   97.67   97.70   97.70   97.67
    31: ADI33159     90.39   93.50   93.48   93.59   93.48   94.03   93.88   94.00   94.05   94.06   95.32   95.36   95.32   95.36   95.40   97.47   97.30   97.30   97.39   99.16   99.27   99.30   99.50   99.39   99.80   99.85   99.85   99.88   99.80   99.83  100.00   99.83   99.85   99.85   99.88   99.85   99.88   99.88   99.85   99.88   99.88   99.88   99.88   99.88   99.88   99.91   99.53   99.56   99.59   99.56   97.44   97.49   97.58   97.38   97.47   97.99   97.93   97.79   97.82   97.76   97.76   97.76   97.67   97.73   97.67   97.70   97.73   97.73   97.70
    32: ANW68992     90.45   93.48   93.45   93.56   93.45   94.03   93.88   94.00   94.05   94.06   95.52   95.40   95.36   95.40   95.44   97.55   97.39   97.55   97.47   99.16   99.27   99.30   99.53   99.42   99.83   99.88   99.88   99.91   99.80   99.83   99.83  100.00   99.85   99.85   99.88   99.85   99.94   99.88   99.85   99.88   99.88   99.88   99.88   99.88   99.88   99.91   99.53   99.56   99.59   99.56   97.41   97.47   97.55   97.35   97.44   97.96   97.90   97.76   97.79   97.73   97.73   97.73   97.64   97.70   97.64   97.67   97.70   97.70   97.67
    33: ANW69730     90.42   93.56   93.53   93.65   93.53   94.06   93.91   94.03   94.08   94.09   95.40   95.52   95.40   95.44   95.48   97.64   97.47   97.47   97.55   99.18   99.30   99.33   99.53   99.42   99.83   99.88   99.88   99.91   99.83   99.85   99.85   99.85  100.00   99.88   99.91   99.88   99.91   99.91   99.88   99.91   99.91   99.91   99.91   99.91   99.91   99.94   99.56   99.59   99.62   99.59   97.49   97.55   97.64   97.44   97.52   98.05   97.99   97.84   97.87   97.82   97.82   97.82   97.73   97.79   97.73   97.76   97.79   97.79   97.76
    34: ADT91913     90.42   93.45   93.42   93.53   93.42   94.00   93.85   93.97   94.02   94.03   95.36   95.40   95.36   95.40   95.44   97.64   97.47   97.47   97.55   99.18   99.30   99.33   99.53   99.42   99.83   99.88   99.88   99.91   99.83   99.85   99.85   99.85   99.88  100.00   99.91   99.88   99.91   99.91   99.88   99.91   99.91   99.91   99.91   99.91   99.91   99.94   99.56   99.59   99.62   99.59   97.44   97.49   97.58   97.38   97.47   97.99   97.93   97.79   97.82   97.76   97.76   97.76   97.67   97.73   97.67   97.70   97.73   97.73   97.70
    35: ADL27943     90.45   93.48   93.45   93.56   93.45   94.03   93.88   94.00   94.05   94.06   95.40   95.44   95.48   95.44   95.48   97.55   97.55   97.39   97.47   99.21   99.33   99.36   99.56   99.45   99.85   99.91   99.91   99.94   99.85   99.88   99.88   99.88   99.91   99.91  100.00   99.97   99.94   99.94   99.91   99.94   99.94   99.94   99.94   99.94   99.94   99.97   99.59   99.62   99.65   99.62   97.47   97.52   97.61   97.41   97.49   98.02   97.96   97.82   97.84   97.79   97.79   97.79   97.70   97.76   97.70   97.73   97.76   97.76   97.73
    36: ANW69484     90.47   93.50   93.48   93.59   93.48   94.00   93.91   94.03   94.08   94.09   95.36   95.40   95.52   95.40   95.44   97.55   97.55   97.39   97.47   99.18   99.30   99.33   99.53   99.42   99.83   99.88   99.88   99.91   99.83   99.85   99.85   99.85   99.88   99.88   99.97  100.00   99.91   99.91   99.88   99.91   99.91   99.91   99.91   99.91   99.91   99.94   99.56   99.59   99.62   99.59   97.49   97.55   97.64   97.44   97.52   98.05   97.99   97.84   97.87   97.82   97.82   97.82   97.73   97.79   97.73   97.76   97.79   97.79   97.76
    37: ADU76252     90.50   93.53   93.50   93.62   93.50   94.09   93.94   94.06   94.11   94.12   95.44   95.48   95.44   95.48   95.52   97.64   97.47   97.47   97.55   99.21   99.33   99.36   99.56   99.45   99.85   99.91   99.91   99.94   99.85   99.88   99.88   99.94   99.91   99.91   99.94   99.91  100.00   99.94   99.91   99.94   99.94   99.94   99.94   99.94   99.94   99.97   99.59   99.62   99.65   99.62   97.47   97.52   97.61   97.41   97.49   98.02   97.96   97.82   97.84   97.79   97.79   97.79   97.70   97.76   97.70   97.73   97.76   97.76   97.73
    38: ACI28533     90.47   93.50   93.48   93.59   93.48   94.03   93.88   94.00   94.05   94.06   95.40   95.44   95.40   95.44   95.48   97.55   97.39   97.39   97.47   99.21   99.33   99.36   99.56   99.45   99.85   99.91   99.91   99.94   99.85   99.88   99.88   99.88   99.91   99.91   99.94   99.91   99.94  100.00   99.91   99.94   99.94   99.94   99.94   99.94   99.94   99.97   99.59   99.62   99.65   99.62   97.47   97.52   97.61   97.41   97.49   98.02   97.96   97.82   97.84   97.79   97.79   97.79   97.70   97.76   97.70   97.73   97.76   97.76   97.73
    39: AAF20205     90.45   93.45   93.42   93.53   93.42   94.00   93.85   93.97   94.02   94.03   95.36   95.40   95.36   95.40   95.44   97.55   97.39   97.39   97.47   99.18   99.30   99.33   99.53   99.42   99.83   99.88   99.88   99.91   99.83   99.85   99.85   99.85   99.88   99.88   99.91   99.88   99.91   99.91  100.00   99.91   99.97   99.91   99.91   99.91   99.91   99.94   99.56   99.59   99.62   99.59   97.44   97.49   97.58   97.38   97.47   97.99   97.93   97.79   97.82   97.76   97.76   97.76   97.67   97.73   97.67   97.70   97.73   97.73   97.70
    40: AYV87282     90.45   93.48   93.45   93.56   93.45   94.03   93.88   94.00   94.05   94.06   95.40   95.44   95.40   95.44   95.48   97.55   97.39   97.39   97.47   99.21   99.33   99.36   99.56   99.45   99.85   99.91   99.91   99.94   99.85   99.88   99.88   99.88   99.91   99.91   99.94   99.91   99.94   99.94   99.91  100.00   99.94   99.94   99.94   99.94   99.94   99.97   99.59   99.62   99.65   99.62   97.47   97.52   97.61   97.41   97.49   98.02   97.96   97.82   97.84   97.79   97.79   97.79   97.70   97.76   97.70   97.73   97.76   97.76   97.73
    41: ADU76246     90.45   93.48   93.45   93.56   93.45   94.03   93.88   94.00   94.05   94.06   95.40   95.44   95.40   95.44   95.48   97.64   97.47   97.47   97.55   99.21   99.33   99.36   99.56   99.45   99.85   99.91   99.91   99.94   99.85   99.88   99.88   99.88   99.91   99.91   99.94   99.91   99.94   99.94   99.97   99.94  100.00   99.94   99.94   99.94   99.94   99.97   99.59   99.62   99.65   99.62   97.47   97.52   97.61   97.41   97.49   98.02   97.96   97.82   97.84   97.79   97.79   97.79   97.70   97.76   97.70   97.73   97.76   97.76   97.73
    42: AYV87261     90.45   93.48   93.45   93.56   93.45   94.03   93.88   94.00   94.05   94.06   95.40   95.44   95.40   95.44   95.48   97.64   97.47   97.47   97.55   99.21   99.33   99.36   99.62   99.50   99.85   99.91   99.91   99.94   99.85   99.88   99.88   99.88   99.91   99.91   99.94   99.91   99.94   99.94   99.91   99.94   99.94  100.00   99.94   99.94   99.94   99.97   99.59   99.62   99.65   99.62   97.47   97.52   97.61   97.41   97.49   98.02   97.96   97.82   97.84   97.79   97.79   97.79   97.70   97.76   97.70   97.73   97.76   97.76   97.73
    43: ADL27942     90.50   93.48   93.45   93.56   93.45   94.03   93.88   94.00   94.05   94.06   95.48   95.52   95.48   95.52   95.56   97.64   97.47   97.47   97.55   99.21   99.33   99.36   99.56   99.45   99.85   99.91   99.91   99.94   99.85   99.88   99.88   99.88   99.91   99.91   99.94   99.91   99.94   99.94   99.91   99.94   99.94   99.94  100.00   99.94   99.94   99.97   99.59   99.62   99.65   99.62   97.47   97.52   97.61   97.41   97.49   98.02   97.96   97.87   97.90   97.84   97.79   97.79   97.70   97.76   97.70   97.73   97.76   97.76   97.73
    44: ADU76249     90.45   93.48   93.45   93.56   93.45   94.03   93.88   94.00   94.05   94.06   95.40   95.44   95.40   95.44   95.48   97.55   97.39   97.39   97.47   99.21   99.33   99.36   99.56   99.45   99.85   99.91   99.91   99.94   99.85   99.88   99.88   99.88   99.91   99.91   99.94   99.91   99.94   99.94   99.91   99.94   99.94   99.94   99.94  100.00   99.94   99.97   99.59   99.62   99.65   99.62   97.47   97.52   97.61   97.41   97.49   98.02   97.96   97.82   97.84   97.79   97.79   97.79   97.70   97.76   97.70   97.73   97.76   97.76   97.73
    45: ANW69118     90.45   93.48   93.45   93.56   93.45   94.03   93.88   94.00   94.05   94.06   95.40   95.44   95.40   95.52   95.48   97.64   97.47   97.47   97.55   99.21   99.33   99.36   99.56   99.45   99.85   99.91   99.91   99.94   99.85   99.88   99.88   99.88   99.91   99.91   99.94   99.91   99.94   99.94   99.91   99.94   99.94   99.94   99.94   99.94  100.00   99.97   99.59   99.62   99.65   99.62   97.47   97.52   97.61   97.41   97.49   98.02   97.96   97.82   97.84   97.79   97.79   97.79   97.70   97.76   97.70   97.73   97.76   97.76   97.73
    46: ADL27936     90.47   93.50   93.48   93.59   93.48   94.06   93.91   94.03   94.08   94.09   95.44   95.48   95.44   95.48   95.52   97.64   97.47   97.47   97.55   99.24   99.36   99.39   99.59   99.48   99.88   99.94   99.94   99.97   99.88   99.91   99.91   99.91   99.94   99.94   99.97   99.94   99.97   99.97   99.94   99.97   99.97   99.97   99.97   99.97   99.97  100.00   99.62   99.65   99.68   99.65   97.49   97.55   97.64   97.44   97.52   98.05   97.99   97.84   97.87   97.82   97.82   97.82   97.73   97.79   97.73   97.76   97.79   97.79   97.76
    47: AAP22089     90.42   93.48   93.42   93.53   93.45   93.94   93.88   94.00   94.11   94.06   95.08   95.12   95.08   95.12   95.16   97.13   96.96   96.96   97.05   99.07   99.18   99.21   99.39   99.27   99.50   99.56   99.56   99.59   99.50   99.53   99.53   99.53   99.56   99.56   99.59   99.56   99.59   99.59   99.56   99.59   99.59   99.59   99.59   99.59   99.59   99.62  100.00   99.85   99.62   99.59   97.35   97.44   97.52   97.32   97.41   97.93   97.87   97.79   97.76   97.70   97.73   97.70   97.64   97.67   97.61   97.64   97.67   97.67   97.64
    48: AAP22087     90.42   93.48   93.45   93.56   93.45   93.97   93.91   94.03   94.08   94.09   95.08   95.12   95.08   95.12   95.16   97.13   96.96   96.96   97.05   99.10   99.21   99.24   99.42   99.30   99.53   99.59   99.59   99.62   99.53   99.56   99.56   99.56   99.59   99.59   99.62   99.59   99.62   99.62   99.59   99.62   99.62   99.62   99.62   99.62   99.62   99.65   99.85  100.00   99.65   99.62   97.41   97.49   97.58   97.38   97.47   97.99   97.93   97.84   97.82   97.76   97.79   97.76   97.67   97.73   97.67   97.70   97.73   97.73   97.70
    49: AAP20887     90.45   93.59   93.56   93.68   93.56   94.03   93.94   94.06   94.11   94.12   95.08   95.12   95.08   95.12   95.16   97.22   97.05   97.05   97.13   99.24   99.39   99.42   99.53   99.42   99.56   99.62   99.62   99.65   99.56   99.59   99.59   99.59   99.62   99.62   99.65   99.62   99.65   99.65   99.62   99.65   99.65   99.65   99.65   99.65   99.65   99.68   99.62   99.65  100.00   99.80   97.47   97.55   97.64   97.44   97.52   98.05   97.99   97.84   97.87   97.82   97.84   97.82   97.73   97.79   97.73   97.76   97.79   97.79   97.76
    50: ADI33161     90.47   93.56   93.53   93.65   93.53   94.03   93.94   94.06   94.11   94.12   95.05   95.08   95.05   95.08   95.12   97.05   96.88   96.88   96.96   99.24   99.42   99.45   99.50   99.39   99.53   99.59   99.59   99.62   99.53   99.56   99.56   99.56   99.59   99.59   99.62   99.59   99.62   99.62   99.59   99.62   99.62   99.62   99.62   99.62   99.62   99.65   99.59   99.62   99.80  100.00   97.47   97.55   97.64   97.44   97.52   98.05   97.99   97.84   97.87   97.82   97.84   97.82   97.73   97.79   97.73   97.76   97.79   97.79   97.76
    51: ALK02495     89.86   92.66   92.63   92.75   92.63   93.36   93.30   93.48   93.47   93.48   92.80   92.84   92.88   92.84   92.88   94.35   94.18   94.18   94.27   97.23   97.29   97.32   97.35   97.23   97.38   97.44   97.44   97.47   97.41   97.41   97.44   97.41   97.49   97.44   97.47   97.49   97.47   97.47   97.44   97.47   97.47   97.47   97.47   97.47   97.47   97.49   97.35   97.41   97.47   97.47  100.00   99.91   99.48   99.50   99.53   99.18   99.07   98.92   98.92   98.86   99.21   99.33   99.27   99.33   99.27   99.30   99.33   99.33   99.30
    52: AOS89772     89.92   92.75   92.72   92.83   92.72   93.45   93.39   93.56   93.55   93.56   92.84   92.88   92.92   92.88   92.92   94.44   94.27   94.27   94.35   97.32   97.38   97.41   97.41   97.29   97.44   97.49   97.49   97.52   97.47   97.47   97.49   97.47   97.55   97.49   97.52   97.55   97.52   97.52   97.49   97.52   97.52   97.52   97.52   97.52   97.52   97.55   97.44   97.49   97.55   97.55   99.91  100.00   99.56   99.59   99.62   99.27   99.16   99.01   99.01   98.95   99.30   99.42   99.36   99.42   99.36   99.39   99.42   99.42   99.39
    53: ALK02496     89.83   92.69   92.66   92.78   92.66   93.45   93.36   93.53   93.53   93.53   92.92   92.96   93.00   92.96   93.00   94.27   94.10   94.10   94.18   97.41   97.47   97.49   97.52   97.41   97.52   97.58   97.58   97.61   97.52   97.55   97.58   97.55   97.64   97.58   97.61   97.64   97.61   97.61   97.58   97.61   97.61   97.61   97.61   97.61   97.61   97.64   97.52   97.58   97.64   97.64   99.48   99.56  100.00   99.56   99.59   99.30   99.18   99.04   99.04   98.98   99.21   99.33   99.27   99.33   99.27   99.30   99.33   99.33   99.30
    54: ADM88862     89.86   92.72   92.69   92.81   92.69   93.30   93.21   93.39   93.38   93.39   92.69   92.73   92.76   92.73   92.76   94.10   93.93   93.93   94.01   97.20   97.26   97.29   97.32   97.20   97.32   97.38   97.38   97.41   97.32   97.35   97.38   97.35   97.44   97.38   97.41   97.44   97.41   97.41   97.38   97.41   97.41   97.41   97.41   97.41   97.41   97.44   97.32   97.38   97.44   97.44   99.50   99.59   99.56  100.00   99.85   99.21   99.10   98.95   98.95   98.89   99.24   99.36   99.30   99.36   99.30   99.33   99.36   99.36   99.33
    55: ALK02494     89.95   92.81   92.78   92.89   92.78   93.39   93.30   93.48   93.47   93.48   92.76   92.80   92.84   92.80   92.84   94.18   94.01   94.01   94.10   97.29   97.35   97.38   97.41   97.29   97.41   97.47   97.47   97.49   97.41   97.44   97.47   97.44   97.52   97.47   97.49   97.52   97.49   97.49   97.47   97.49   97.49   97.49   97.49   97.49   97.49   97.52   97.41   97.47   97.52   97.52   99.53   99.62   99.59   99.85  100.00   99.24   99.13   98.98   98.98   98.92   99.27   99.39   99.33   99.39   99.33   99.36   99.39   99.39   99.36
    56: AOS89782     90.10   92.92   92.89   93.01   92.89   93.77   93.71   93.85   93.88   93.88   93.31   93.35   93.39   93.35   93.39   95.11   94.94   94.94   95.03   97.82   97.87   97.90   97.87   97.76   97.93   97.99   97.99   98.02   97.93   97.96   97.99   97.96   98.05   97.99   98.02   98.05   98.02   98.02   97.99   98.02   98.02   98.02   98.02   98.02   98.02   98.05   97.93   97.99   98.05   98.05   99.18   99.27   99.30   99.21   99.24  100.00   99.88   99.68   99.71   99.65   99.56   99.48   99.48   99.53   99.48   99.50   99.53   99.53   99.50
    57: AOS89786     90.04   92.86   92.86   92.98   92.83   93.71   93.65   93.80   93.85   93.82   93.24   93.28   93.31   93.28   93.31   94.94   94.77   94.77   94.86   97.79   97.84   97.87   97.82   97.73   97.87   97.93   97.93   97.96   97.87   97.90   97.93   97.90   97.99   97.93   97.96   97.99   97.96   97.96   97.93   97.96   97.96   97.96   97.96   97.96   97.96   97.99   97.87   97.93   97.99   97.99   99.07   99.16   99.18   99.10   99.13   99.88  100.00   99.68   99.71   99.65   99.56   99.42   99.42   99.53   99.48   99.50   99.53   99.48   99.50
    58: AOS89775     89.95   92.86   92.86   92.98   92.83   93.56   93.50   93.65   93.70   93.68   93.16   93.20   93.24   93.20   93.24   94.86   94.69   94.69   94.77   97.64   97.70   97.73   97.67   97.58   97.73   97.79   97.79   97.82   97.73   97.76   97.79   97.76   97.84   97.79   97.82   97.84   97.82   97.82   97.79   97.82   97.82   97.82   97.87   97.82   97.82   97.84   97.79   97.84   97.84   97.84   98.92   99.01   99.04   98.95   98.98   99.68   99.68  100.00   99.77   99.71   99.42   99.27   99.27   99.39   99.33   99.36   99.39   99.33   99.36
    59: ADM88861     89.98   92.75   92.75   92.86   92.72   93.59   93.53   93.68   93.73   93.71   93.16   93.20   93.24   93.20   93.24   94.77   94.60   94.60   94.69   97.67   97.79   97.82   97.70   97.61   97.76   97.82   97.82   97.84   97.76   97.79   97.82   97.79   97.87   97.82   97.84   97.87   97.84   97.84   97.82   97.84   97.84   97.84   97.90   97.84   97.84   97.87   97.76   97.82   97.87   97.87   98.92   99.01   99.04   98.95   98.98   99.71   99.71   99.77  100.00   99.94   99.48   99.27   99.27   99.39   99.33   99.36   99.39   99.33   99.36
    60: AOS89773     89.92   92.69   92.69   92.81   92.66   93.53   93.48   93.62   93.70   93.65   93.08   93.12   93.16   93.12   93.16   94.60   94.44   94.44   94.52   97.61   97.73   97.76   97.64   97.55   97.70   97.76   97.76   97.79   97.70   97.73   97.76   97.73   97.82   97.76   97.79   97.82   97.79   97.79   97.76   97.79   97.79   97.79   97.84   97.79   97.79   97.82   97.70   97.76   97.82   97.82   98.86   98.95   98.98   98.89   98.92   99.65   99.65   99.71   99.94  100.00   99.42   99.21   99.21   99.33   99.27   99.30   99.33   99.27   99.30
    61: AOS89760     89.95   92.81   92.81   92.92   92.78   93.45   93.39   93.53   93.58   93.56   93.08   93.12   93.16   93.12   93.16   94.60   94.44   94.44   94.52   97.61   97.67   97.70   97.64   97.55   97.70   97.76   97.76   97.79   97.70   97.73   97.76   97.73   97.82   97.76   97.79   97.82   97.79   97.79   97.76   97.79   97.79   97.79   97.79   97.79   97.79   97.82   97.73   97.79   97.84   97.84   99.21   99.30   99.21   99.24   99.27   99.56   99.56   99.42   99.48   99.42  100.00   99.56   99.56   99.68   99.62   99.65   99.68   99.62   99.65
    62: AOS89771     89.95   92.95   92.92   93.04   92.92   93.48   93.42   93.56   93.58   93.59   93.08   93.12   93.16   93.12   93.16   94.60   94.44   94.44   94.52   97.58   97.64   97.67   97.70   97.58   97.70   97.76   97.76   97.79   97.70   97.73   97.76   97.73   97.82   97.76   97.79   97.82   97.79   97.79   97.76   97.79   97.79   97.79   97.79   97.79   97.79   97.82   97.70   97.76   97.82   97.82   99.33   99.42   99.33   99.36   99.39   99.48   99.42   99.27   99.27   99.21   99.56  100.00   99.65   99.71   99.65   99.68   99.71   99.71   99.68
    63: AOS89762     89.92   92.89   92.83   92.95   92.86   93.42   93.42   93.50   93.55   93.53   93.00   93.04   93.08   93.04   93.08   94.69   94.52   94.52   94.60   97.49   97.55   97.58   97.55   97.44   97.61   97.67   97.67   97.70   97.61   97.64   97.67   97.64   97.73   97.67   97.70   97.73   97.70   97.70   97.67   97.70   97.70   97.70   97.70   97.70   97.70   97.73   97.64   97.67   97.73   97.73   99.27   99.36   99.27   99.30   99.33   99.48   99.42   99.27   99.27   99.21   99.56   99.65  100.00   99.88   99.88   99.85   99.88   99.88   99.85
    64: AOS89766     89.95   92.86   92.86   92.98   92.83   93.45   93.45   93.53   93.58   93.56   93.04   93.08   93.12   93.08   93.12   94.69   94.52   94.52   94.60   97.58   97.64   97.67   97.61   97.52   97.67   97.73   97.73   97.76   97.67   97.70   97.73   97.70   97.79   97.73   97.76   97.79   97.76   97.76   97.73   97.76   97.76   97.76   97.76   97.76   97.76   97.79   97.67   97.73   97.79   97.79   99.33   99.42   99.33   99.36   99.39   99.53   99.53   99.39   99.39   99.33   99.68   99.71   99.88  100.00   99.88   99.91   99.94   99.88   99.91
    65: AOS89763     89.92   92.86   92.86   92.98   92.83   93.42   93.42   93.50   93.55   93.53   93.00   93.04   93.08   93.04   93.08   94.60   94.44   94.44   94.52   97.52   97.58   97.61   97.55   97.47   97.61   97.67   97.67   97.70   97.61   97.64   97.67   97.64   97.73   97.67   97.70   97.73   97.70   97.70   97.67   97.70   97.70   97.70   97.70   97.70   97.70   97.73   97.61   97.67   97.73   97.73   99.27   99.36   99.27   99.30   99.33   99.48   99.48   99.33   99.33   99.27   99.62   99.65   99.88   99.88  100.00   99.91   99.94   99.88   99.91
    66: AOS89767     89.95   92.89   92.89   93.01   92.86   93.45   93.45   93.53   93.58   93.56   93.00   93.04   93.08   93.04   93.08   94.69   94.52   94.52   94.60   97.55   97.61   97.64   97.58   97.49   97.64   97.70   97.70   97.73   97.64   97.67   97.70   97.67   97.76   97.70   97.73   97.76   97.73   97.73   97.70   97.73   97.73   97.73   97.73   97.73   97.73   97.76   97.64   97.70   97.76   97.76   99.30   99.39   99.30   99.33   99.36   99.50   99.50   99.36   99.36   99.30   99.65   99.68   99.85   99.91   99.91  100.00   99.97   99.91   99.94
    67: AOS89761     89.98   92.92   92.92   93.04   92.89   93.48   93.48   93.56   93.61   93.59   93.04   93.08   93.12   93.08   93.12   94.69   94.52   94.52   94.60   97.58   97.64   97.67   97.61   97.52   97.67   97.73   97.73   97.76   97.67   97.70   97.73   97.70   97.79   97.73   97.76   97.79   97.76   97.76   97.73   97.76   97.76   97.76   97.76   97.76   97.76   97.79   97.67   97.73   97.79   97.79   99.33   99.42   99.33   99.36   99.39   99.53   99.53   99.39   99.39   99.33   99.68   99.71   99.88   99.94   99.94   99.97  100.00   99.94   99.97
    68: AOS89765     89.98   92.92   92.89   93.01   92.89   93.48   93.48   93.56   93.58   93.59   93.04   93.08   93.12   93.08   93.12   94.77   94.60   94.60   94.69   97.55   97.61   97.64   97.61   97.49   97.67   97.73   97.73   97.76   97.67   97.70   97.73   97.70   97.79   97.73   97.76   97.79   97.76   97.76   97.73   97.76   97.76   97.76   97.76   97.76   97.76   97.79   97.67   97.73   97.79   97.79   99.33   99.42   99.33   99.36   99.39   99.53   99.48   99.33   99.33   99.27   99.62   99.71   99.88   99.88   99.88   99.91   99.94  100.00   99.97
    69: AOS89764     89.95   92.89   92.89   93.01   92.86   93.45   93.45   93.53   93.58   93.56   93.00   93.04   93.08   93.04   93.08   94.69   94.52   94.52   94.60   97.55   97.61   97.64   97.58   97.49   97.64   97.70   97.70   97.73   97.64   97.67   97.70   97.67   97.76   97.70   97.73   97.76   97.73   97.73   97.70   97.73   97.73   97.73   97.73   97.73   97.73   97.76   97.64   97.70   97.76   97.76   99.30   99.39   99.30   99.33   99.36   99.50   99.50   99.36   99.36   99.30   99.65   99.68   99.85   99.91   99.91   99.94   99.97   99.97  100.00
